267
2113
2114
2119
2120
2121
5522
5526
5529
6144
6145
9785
9786
9787
11672
12556
12557
12558
12837
15039
15040
15875
15876
15877
19230
19233
19234
19235
19236
19247
22238
22239
22240
22241
22243
22244
23773
24089
24647
24648
24659
24660
27166
27167
27169
29104
29106
29107
29108
29110
29112
29172
31594
31595
31617
31618
31624
31627
33662
33664
33665
33666
37120
38691
38694
40430
40587
40588
40607
40608
41735
41748
42962
42963
44452
44453
44454
44914
45448
45450
45451
45557
46048
46051
46052
46053
46054
46055
46056
48231
48232
48233
49848
49850
49853
49855
49856
49857
49999
50000
